# Project:  michaelisbolus         Date:  Thu Jun 25 17:42:02 2020        
1.91604053009248 54.9494497364629 -0.801763595610447 0 0 0 0 0
54.9494497364629 23102.3581136842 -490.095932165482 0 0 0 0 0
-0.801763595610447 -490.095932165482 11.5913352550383 0 0 0 0 0
0 0 0 464.637681796131 10.8699912948242 0.0578542376921573 350.91963870895 140.811654777922
0 0 0 10.8699912948242 54.6528205222819 0.614896698176392 252.112819525088 33.7612292950691
0 0 0 0.0578542376921573 0.614896698176392 0.00859897939166035 3.31705661805463 0.260129904416361
0 0 0 350.91963870895 252.112819525088 3.31705661805463 16415.077447135 4571.40211908972
0 0 0 140.811654777922 33.7612292950691 0.260129904416361 4571.40211908972 1722.15746016145
