PFIM 4.0 
 
Project:  michaelisbolus
 
Date:  Thu Jun 25 17:42:02 2020
 

 
**************************** INPUT SUMMARY ********************************
 
Differential Equations form of the model:  
 
function(t,y,p){
	V<-p[1]
	Vm <-p[2]
	km<-p[3]
	yd1<-(-Vm)*y[1]/(km+y[1])
	return(list(c(yd1),c(y[1]/V)))
  }
<bytecode: 0x0000000019c6f1e0>
<environment: 0x0000000018945c30>

 
Design:  
Sample times for response: A 
                                               times subjects
1 c(0, 0.5, 1, 2, 6, 9, 12, 24, 36, 48, 72, 96, 120)      200

 
Initial Conditions at time 0 : 
 
100/15 

 
Random effect model: Trand =  2
 
Variance error model response A : ( 0.5 + 0.15 *f)^2

 
Error tolerance for solving differential equations system: RtolEQ = 1e-08 , AtolEQ = 1e-08 , Hmax =  Inf
 
Computation of the Population Fisher information matrix: option =  1
 
FIM saved in FIM.txt
 
 
******************* FISHER INFORMATION MATRIX ******************
 
           [,1]        [,2]         [,3]         [,4]        [,5]        [,6]         [,7]         [,8]
[1,]  1.9160405    54.94945   -0.8017636   0.00000000   0.0000000 0.000000000     0.000000    0.0000000
[2,] 54.9494497 23102.35811 -490.0959322   0.00000000   0.0000000 0.000000000     0.000000    0.0000000
[3,] -0.8017636  -490.09593   11.5913353   0.00000000   0.0000000 0.000000000     0.000000    0.0000000
[4,]  0.0000000     0.00000    0.0000000 464.63768180  10.8699913 0.057854238   350.919639  140.8116548
[5,]  0.0000000     0.00000    0.0000000  10.86999129  54.6528205 0.614896698   252.112820   33.7612293
[6,]  0.0000000     0.00000    0.0000000   0.05785424   0.6148967 0.008598979     3.317057    0.2601299
[7,]  0.0000000     0.00000    0.0000000 350.91963871 252.1128195 3.317056618 16415.077447 4571.4021191
[8,]  0.0000000     0.00000    0.0000000 140.81165478  33.7612293 0.260129904  4571.402119 1722.1574602

 
************************** EXPECTED STANDARD ERRORS ************************
 
------------------------ Fixed Effects Parameters -------------------------
 
    Beta   StdError        RSE  
V  15.00 0.77279512   5.151967 %
Vm  0.08 0.02160503  27.006293 %
km  0.40 0.94482759 236.206896 %

 
------------------------- Variance of Inter-Subject Random Effects ----------------------
 
   omega2    StdError        RSE  
V    0.25  0.04714229   18.85692 %
Vm   0.10  0.31139183  311.39183 %
km   0.30 25.79646585 8598.82195 %

 
------------------------ Standard deviation of residual error ------------------------ 
 
           Sigma   StdError       RSE  
sig.interA  0.50 0.01710958  3.421916 %
sig.slopeA  0.15 0.05130526 34.203508 %

 
******************************* DETERMINANT ********************************
 
1.104659e+13
 
******************************** CRITERION *********************************
 
42.69761
 

 
******************* EIGENVALUES OF THE FISHER INFORMATION MATRIX ******************
 
        FixedEffects VarianceComponents
min        480.63058       1.502553e-03
max      23112.88627       3.956783e+02
max/min     48.08867       2.633373e+05

 
******************* CORRELATION MATRIX ******************
 
           [,1]       [,2]       [,3]        [,4]        [,5]        [,6]        [,7]        [,8]
[1,]  1.0000000 -0.3162944 -0.2492278  0.00000000  0.00000000  0.00000000  0.00000000  0.00000000
[2,] -0.3162944  1.0000000  0.9489354  0.00000000  0.00000000  0.00000000  0.00000000  0.00000000
[3,] -0.2492278  0.9489354  1.0000000  0.00000000  0.00000000  0.00000000  0.00000000  0.00000000
[4,]  0.0000000  0.0000000  0.0000000  1.00000000 -0.07678409  0.05473419  0.01712717 -0.08531243
[5,]  0.0000000  0.0000000  0.0000000 -0.07678409  1.00000000 -0.88517913  0.12689831 -0.15832192
[6,]  0.0000000  0.0000000  0.0000000  0.05473419 -0.88517913  1.00000000 -0.31278032  0.30214374
[7,]  0.0000000  0.0000000  0.0000000  0.01712717  0.12689831 -0.31278032  1.00000000 -0.87785631
[8,]  0.0000000  0.0000000  0.0000000 -0.08531243 -0.15832192  0.30214374 -0.87785631  1.00000000


 
Time difference of 1.171836 secs
