# Project:  bolus2cp         Date:  Thu Jun 25 16:27:07 2020            
6752.07866762612 66.5055650409861 -102.970448790183 -398.459360808107 0 0 0 0 0 0
66.5055650409861 4.76323935383421 18.7166125391524 -8.37003693780203 0 0 0 0 0 0
-102.970448790182 18.7166125391524 169.666251497991 -134.359421056744 0 0 0 0 0 0
-398.459360808108 -8.37003693780201 -134.359421056744 281.919854721463 0 0 0 0 0 0
0 0 0 0 445.22037435363 155.495748565576 1.65670520688306 15.8769862215606 231.370077773049 278.393233678231
0 0 0 0 155.495748565576 2871.50684452361 197.050266529175 25.2207066024613 219.915886844967 912.993538785911
0 0 0 0 1.65670520688306 197.050266529175 71.9665922434486 28.8839264427253 68.2383520517362 136.03359934968
0 0 0 0 15.8769862215606 25.2207066024613 28.8839264427253 81.3862957938387 115.419616317352 251.982305342027
0 0 0 0 231.370077773049 219.915886844967 68.2383520517362 115.419616317352 2758.91378298705 4203.34415563411
0 0 0 0 278.393233678231 912.993538785911 136.03359934968 251.982305342027 4203.34415563411 8062.41796777702
